523520
523522
523526
523532
523540
523550
523562
523576
523592
523610
523630
523652
523676
523702
523730
523760
523792
523823
523853
523882
523910
523937
523963
523988
524012
524035
524057
524078
524098
524117
524135
524152
524168
524183
524197
524210
524222
524233
524243
524252
524260
524267
524273
524278
524282
524285
524287
524287
524285
524282
524278
524273
524267
524260
524252
524243
524233
524222
524210
524197
524183
524168
524152
524135
524117
524098
524078
524057
524035
524012
523988
523963
523937
523910
523882
523853
523823
523792
523760
523730
523702
523676
523652
523630
523610
523592
523576
523562
523550
523540
523532
523526
523522
523520